1.00e-00
9.83e-01
8.81e-01
3.30e-01
2.90e-01
3.09e-01
3.64e-01
3.79e-01
5.08e-01
5.22e-01
5.53e-01
4.65e-01
5.69e-01
3.80e-01
4.40e-01
4.40e-01
4.40e-01
4.30e-01
4.00e-01
4.20e-01
4.20e-01
4.00e-01
3.80e-01
3.70e-01
3.70e-01
3.80e-01
4.60e-01
4.80e-01
4.20e-01
4.30e-01
4.50e-01
5.10e-01
6.00e-01
6.00e-01
6.00e-01
6.00e-01
6.00e-01
6.00e-01
6.00e-01
6.00e-01
6.00e-01
6.00e-01
6.00e-01
6.00e-01
6.00e-01
6.00e-01
6.00e-01
6.00e-01
6.00e-01
6.00e-01
6.00e-01
6.00e-01
6.00e-01
6.00e-01
6.00e-01
6.00e-01
6.00e-01
6.00e-01
6.00e-01
