1
0.86997910
0.34575836
0.35400000
0.354
0.28893291
0.38003497
0.38003497
0.38003497
0.45995746
0.45995746
0.45995746
0.47793874
0.47793874
0.40056786
0.53009571
0.53009571
0.53009571
0.53009571
0.262806162909544
0.422573227667805
0.422573227667805
0.422573227667805
0.442707185110874
0.442707185110874
0.442707185110874
0.442707185110874
0.442707185110874
0.442707185110874
0.442707185110874
0.415011050508954
0.415011050508954
0.415011050508954
0.415011050508954
0.415011050508954
0.415011050508954
0.415011050508954
0.415011050508954
0.415011050508954
0.533001243139471
0.533001243139471
0.533001243139471
0.533001243139471
0.533001243139471
0.533001243139471
0.533001243139471
0.497336550616849
0.497336550616849
0.497336550616849
0.497336550616849
0.497336550616849
0.497336550616849
0.497336550616849
0.497336550616849
0.497336550616849
0.342169944693453
0.342169944693453
0.342169944693453
0.342169944693453
0.342169944693453
0.342169944693453
0.342169944693453
0.342169944693453
0.342169944693453
0.37952867
0.37952867
0.37952867
0.46
0.46
0.46
0.46
0.46
0.46
0.46
0.46
0.46
0.46
0.46
0.46
0.46
0.46
0.46
0.46
0.46
0.46