1
0.983027230000000
0.390687410000000
0.400000000000000
0.400000000000000
0.415697300000000
0.465888140000000
0.465888140000000
0.465888140000000
0.509330120000000
0.509330120000000
0.509330120000000
0.509103040000000
0.509103040000000
0.434946720000000
0.568517850000000
0.568517850000000
0.568517850000000
0.568517850000000
0.288218510000000
0.448164020000000
0.448164020000000
0.448164020000000
0.458683970000000
0.458683970000000
0.458683970000000
0.458683970000000
0.458683970000000
0.458683970000000
0.458683970000000
0.356711260000000
0.356711260000000
0.356711260000000
0.356711260000000
0.356711260000000
0.356711260000000
0.356711260000000
0.356711260000000
0.356711260000000
0.403992420000000
0.403992420000000
0.403992420000000
0.403992420000000
0.403992420000000
0.403992420000000
0.403992420000000
0.363851270000000
0.363851270000000
0.363851270000000
0.363851270000000
0.363851270000000
0.363851270000000
0.363851270000000
0.363851270000000
0.363851270000000
0.244172090000000
0.244172090000000
0.244172090000000
0.244172090000000
0.244172090000000
0.244172090000000
0.244172090000000
0.244172090000000
0.244172090000000
0.400000000000000
0.400000000000000
0.400000000000000
0.500000000000000
0.500000000000000
0.500000000000000
0.500000000000000
0.500000000000000
0.500000000000000
0.500000000000000
0.500000000000000
0.500000000000000
0.500000000000000